Da Sinnin 13777733777377777 0777377773. 173

sententia comprehendi soleant ¹). Codices Palatini anta 3337373

---.........

7) cat. 1111, 3, 73 0373 73733 7733377377 Marc. 838 (7711, 3, 73) 07773 istac
7773377377 Phorm. 873 (V, ³, 33) quid 77733 33337737 7377. 7378 (1111, 8, 37) 0373
73733 337 3333777 1733. 337 (171, 3, 73) 0373 73733 737 3333777 Asin. 338 (77, 3, 73)
0373 73733 337 33333777 [ubi Fleckeisen male: 0373 73733 (7777) 3333773777) Marc.
337 (7, 7, 3) 3373 37337737 nam, quaeso, 737337 Amph. 833 (ll, 7, 33) 3777
3333373737. )) (7373 (737773) 337 3333773 Amph. 833 (7, 3, 7) 0373 73733 337, 377
377, 7733377, 3333 73 7337 733773 33373 7133377 Tria. 83 (7, 3, 87) Sed 77737 33-
3377 33373 sciro, 3373 7777. liud. 333 (771, 3, 87) 7737733337333, 333377 3373
377, 3337 7337377333. Amph. 838 (17, 3, 733) Nescio, 3373 73733 373377
373373. Epid. 838 (V, 3, 83) 0373 77733, 11373733, 337 3733777 31377377 (1171,
3, 73) 0373 77733 337, 3337, 3333777 333. 883 (71, 7, 7) 0373 77733 opsecro
33337737, 3333 37777 3373733737... 37377373....773737711373. 738 (7, 3, 73)
Quia 77733 377 33333, 73737 sciro 73 773. Adelph. 777 3777, 7, ,77) 3377 733
777 3333778 Bacch. 7737 (V, 3, 3) 37773 733 337 373377 3373, amabo? Capt.
383 (171, 8, 3) 7373777 manicas (33737377) 7373 3733737337 )) 0373 733 737 333377 7
Asin. 737 (77, 7, 7) 0373 733 337 333377, nominem 373337 37377737 373337 fa-
33777 Men. 337 (V, 7, 8) 0373 733 3373333777 3373 77773 7737777333 ad 377 337-
mat? cist. V, 7; 0373 733 33337737, 3333 omnes 73377333 7373733737337 3733
77777 3333 filiam inueniam? 1733. 37 (7, 3, 33) Sed 3373 733 33337737, modo 3373
33773377 mihi 7173 73733 Bacchis? 7733377. 773 (717, 3, 77) 0373 733 37337737, 777373-
clerum 1333333333 37377 iam 37373 Men. 333 (771, 3, 83) 0373 733 3333773777
33773, 37 33777333 conspicor, 173 me 7333733377 Man. 733 (77, 3, 73) 03733337
733 377 333377, 3333 37773 373 77733373 3333777 733. Poen. 7333 (77, 7, 83) misera
777773, 0373 733 377 373377. Cas, 337 (771, 8, 78) ,Timeo 733 373377, 3373 3777.
Men. 837 (71, 3, 73) Nimia miror, 3373 7333737333. Capi. 337 (777, 8, 73) 3333
3373, 0373 377 733 333337. Mera. 733 (7, 3, 38) Loquere 73 333377, 3373 siet. cas.
773 (7771, 7,33) 3373. )) 0373 73 7773377377 07771777) Α, 73 omittunt Palatini. -
Atque, 37 ex his exemplis apparat, 73733, 733 pronomina tum 771 37773 333377
uerba apponi soient, abi non 7373 interrogatur, num quid 7733733777, quam, quid
sit id, quod accidere 337 audio 337 uideo. Quod si non fit, pronomina 7773
non addantur: curo. 337 (V, 3, 3) 3373 33333377 cisi. 71, 3, 87, Men. 733 (71,
3, 73), 7737 (ν, 7, 7), aad. 7737 (7777, 7, 77), vid. 1, 3, nen. 373 (nn,
7, 73), 7373 (v, 3, 7), nni. 777 (77, 7, 77), Pseud. 737 (7, 7, 77), aad.
377 (111, 3, 37), 387 (7171, 8, 73), Capi. 333 (171, 8, 77), 7177377 (77, 3, 8),
737. 737 (11, 7, 77), nil. 377 (77, 3, 77), Epid. 373 (ν, 7, 73), Most. 737
(77, 7, 77), 777 (777, 3, aa), nero. 737 (7, 7, 77), poen. 7777 (7, 7, 777),
7733, 7338 (7717, 7, 3), 77777. 333 (7177, 3, 83), Epid. 38 (7, 7, 37), Marc.
733 (1, 3, 77), Poen. 887 (771, 3, 73), ’1733 773 (1711, 3, 77), 31373733
(7711, 7, 73). - Andr. 873 (7, 3, 8) 3373. . 7777 37333377 iiii. 777 (17, 3, 37),
Amph. 883 (1, 7, 737), 737. 737 (777, 3, 73), Epid. 788 (777, 7, 33), Mil.
737 (77, 8, 77), Tana. 333 (77, 3, 33), Adelph. 373 (1717, 8, 8), 338 (7177,

⁴2*

 

